StartConsensus, 1531578462491281997
StartConsensus, 1531578465929590395
StartConsensus, 1531578469169351446
StartConsensus, 1531578472465719269
StartConsensus, 1531578475778281595
StartConsensus, 1531578479207268932
StartConsensus, 1531578482192151718
StartConsensus, 1531578485599899690
StartConsensus, 1531578489736357780
StartConsensus, 1531578492983369001
StartConsensus, 1531578495306215504
StartConsensus, 1531578498591843331
StartConsensus, 1531578501381455388
StartConsensus, 1531578504792382146
StartConsensus, 1531578508401450833
StartConsensus, 1531578511739003229
StartConsensus, 1531578514969523110
StartConsensus, 1531578518249180170
StartConsensus, 1531578521429659381
StartConsensus, 1531578524972915647
StartConsensus, 1531578527847713245
StartConsensus, 1531578531359236721
StartConsensus, 1531578534389027400
StartConsensus, 1531578537359426196
StartConsensus, 1531578542566111463
StartConsensus, 1531578544575077660
StartConsensus, 1531578547761568650
StartConsensus, 1531578551140386931
StartConsensus, 1531578554445577691
StartConsensus, 1531578557764662033
StartConsensus, 1531578561055357254
StartConsensus, 1531578564126720907
StartConsensus, 1531578567809641841
StartConsensus, 1531578571169078526
StartConsensus, 1531578574401823031
StartConsensus, 1531578577524808709
StartConsensus, 1531578580934903477
StartConsensus, 1531578584322481823
StartConsensus, 1531578587726383256
StartConsensus, 1531578590616085830
StartConsensus, 1531578595545001743
StartConsensus, 1531578597657276305
StartConsensus, 1531578600542145228
StartConsensus, 1531578604204101309
StartConsensus, 1531578607267511568
StartConsensus, 1531578610807605861
StartConsensus, 1531578614427911661
StartConsensus, 1531578617526858290
StartConsensus, 1531578621024822083
StartConsensus, 1531578624170672417
StartConsensus, 1531578628364764787
StartConsensus, 1531578631745330616
StartConsensus, 1531578635041998563
StartConsensus, 1531578638302138884
StartConsensus, 1531578641796432659
StartConsensus, 1531578645004880640
StartConsensus, 1531578649969872980
StartConsensus, 1531578651979999700
StartConsensus, 1531578655047605783
StartConsensus, 1531578658200215819
StartConsensus, 1531578661862430793
StartConsensus, 1531578665148266678
StartConsensus, 1531578668690627887
StartConsensus, 1531578671970965821
StartConsensus, 1531578675721844561
StartConsensus, 1531578679168001374
StartConsensus, 1531578682448829936
StartConsensus, 1531578685571045075
StartConsensus, 1531578688908107800
StartConsensus, 1531578692373149296
StartConsensus, 1531578696060953528
StartConsensus, 1531578699298574159
StartConsensus, 1531578704142595978
StartConsensus, 1531578706799960675
StartConsensus, 1531578710232354425
StartConsensus, 1531578713817719155
StartConsensus, 1531578717503088584
StartConsensus, 1531578720220550201
StartConsensus, 1531578723910778053
StartConsensus, 1531578727790949967
StartConsensus, 1531578731678848088
StartConsensus, 1531578735034706738
StartConsensus, 1531578738146640974
StartConsensus, 1531578741937612251
StartConsensus, 1531578745107385594
StartConsensus, 1531578748448424240
StartConsensus, 1531578751923798338
StartConsensus, 1531578755438466479
StartConsensus, 1531578760276176423
StartConsensus, 1531578763009473627
