INFO [07-14|14:42:50] Sealing                                  block n=1
INFO [07-14|14:42:51] Sealing                                  block n=2
INFO [07-14|14:42:52] Sealing                                  block n=3
INFO [07-14|14:42:56] Sealing                                  block n=5
INFO [07-14|14:42:57] Sealing                                  block n=6
INFO [07-14|14:42:58] Sealing                                  block n=6
INFO [07-14|14:42:59] Sealing                                  block n=7
INFO [07-14|14:42:59] Sealing                                  block n=8
INFO [07-14|14:43:01] Sealing                                  block n=9
INFO [07-14|14:43:03] Sealing                                  block n=10
INFO [07-14|14:43:04] Sealing                                  block n=11
INFO [07-14|14:43:05] Sealing                                  block n=12
INFO [07-14|14:43:07] Sealing                                  block n=13
INFO [07-14|14:43:08] Sealing                                  block n=14
INFO [07-14|14:43:10] Sealing                                  block n=15
INFO [07-14|14:43:11] Sealing                                  block n=16
INFO [07-14|14:43:13] Sealing                                  block n=17
INFO [07-14|14:43:15] Sealing                                  block n=18
INFO [07-14|14:43:16] Sealing                                  block n=19
INFO [07-14|14:43:17] Sealing                                  block n=20
INFO [07-14|14:43:19] Sealing                                  block n=21
INFO [07-14|14:43:21] Sealing                                  block n=22
INFO [07-14|14:43:22] Sealing                                  block n=23
INFO [07-14|14:43:23] Sealing                                  block n=24
INFO [07-14|14:43:26] Sealing                                  block n=25
INFO [07-14|14:43:27] Sealing                                  block n=26
INFO [07-14|14:43:29] Sealing                                  block n=27
INFO [07-14|14:43:32] Sealing                                  block n=29
INFO [07-14|14:43:33] Sealing                                  block n=29
INFO [07-14|14:43:34] Sealing                                  block n=30
INFO [07-14|14:43:34] Sealing                                  block n=31
INFO [07-14|14:43:35] Sealing                                  block n=32
INFO [07-14|14:43:38] Sealing                                  block n=33
INFO [07-14|14:43:39] Sealing                                  block n=34
INFO [07-14|14:43:41] Sealing                                  block n=35
INFO [07-14|14:43:42] Sealing                                  block n=36
INFO [07-14|14:43:44] Sealing                                  block n=37
INFO [07-14|14:43:45] Sealing                                  block n=38
INFO [07-14|14:43:47] Sealing                                  block n=39
INFO [07-14|14:43:48] Sealing                                  block n=40
INFO [07-14|14:43:50] Sealing                                  block n=41
INFO [07-14|14:43:51] Sealing                                  block n=42
INFO [07-14|14:43:53] Sealing                                  block n=43
INFO [07-14|14:43:54] Sealing                                  block n=44
INFO [07-14|14:43:56] Sealing                                  block n=45
INFO [07-14|14:43:58] Sealing                                  block n=46
INFO [07-14|14:43:59] Sealing                                  block n=47
INFO [07-14|14:44:00] Sealing                                  block n=48
INFO [07-14|14:44:02] Sealing                                  block n=49
INFO [07-14|14:44:03] Sealing                                  block n=50
INFO [07-14|14:44:05] Sealing                                  block n=51
INFO [07-14|14:44:06] Sealing                                  block n=52
INFO [07-14|14:44:08] Sealing                                  block n=53
INFO [07-14|14:44:10] Sealing                                  block n=54
INFO [07-14|14:44:12] Sealing                                  block n=55
INFO [07-14|14:44:13] Sealing                                  block n=56
INFO [07-14|14:44:15] Sealing                                  block n=57
INFO [07-14|14:44:17] Sealing                                  block n=58
INFO [07-14|14:44:19] Sealing                                  block n=59
INFO [07-14|14:44:20] Sealing                                  block n=60
INFO [07-14|14:44:22] Sealing                                  block n=61
INFO [07-14|14:44:23] Sealing                                  block n=62
INFO [07-14|14:44:24] Sealing                                  block n=63
INFO [07-14|14:44:25] Sealing                                  block n=64
INFO [07-14|14:44:27] Sealing                                  block n=65
INFO [07-14|14:44:29] Sealing                                  block n=66
INFO [07-14|14:44:30] Sealing                                  block n=67
INFO [07-14|14:44:34] Sealing                                  block n=68
INFO [07-14|14:44:35] Sealing                                  block n=69
INFO [07-14|14:44:35] Sealing                                  block n=70
INFO [07-14|14:44:37] Sealing                                  block n=71
INFO [07-14|14:44:37] Sealing                                  block n=72
INFO [07-14|14:44:40] Sealing                                  block n=73
INFO [07-14|14:44:41] Sealing                                  block n=74
INFO [07-14|14:44:43] Sealing                                  block n=75
INFO [07-14|14:44:44] Sealing                                  block n=76
INFO [07-14|14:44:46] Sealing                                  block n=77
INFO [07-14|14:44:48] Sealing                                  block n=78
INFO [07-14|14:44:50] Sealing                                  block n=79
INFO [07-14|14:44:51] Sealing                                  block n=80
INFO [07-14|14:44:53] Sealing                                  block n=81
INFO [07-14|14:44:55] Sealing                                  block n=82
INFO [07-14|14:44:56] Sealing                                  block n=83
INFO [07-14|14:44:57] Sealing                                  block n=84
INFO [07-14|14:44:59] Sealing                                  block n=85
INFO [07-14|14:45:00] Sealing                                  block n=86
INFO [07-14|14:45:02] Sealing                                  block n=87
INFO [07-14|14:45:06] Sealing                                  block n=89
INFO [07-14|14:45:07] Sealing                                  block n=90
INFO [07-14|14:45:07] Sealing                                  block n=90
INFO [07-14|14:45:08] Sealing                                  block n=91
INFO [07-14|14:45:09] Sealing                                  block n=92
INFO [07-14|14:45:11] Sealing                                  block n=93
INFO [07-14|14:45:13] Sealing                                  block n=94
INFO [07-14|14:45:14] Sealing                                  block n=95
INFO [07-14|14:45:15] Sealing                                  block n=96
INFO [07-14|14:45:17] Sealing                                  block n=97
INFO [07-14|14:45:19] Sealing                                  block n=98
INFO [07-14|14:45:21] Sealing                                  block n=99
INFO [07-14|14:45:21] Sealing                                  block n=100
INFO [07-14|14:45:24] Sealing                                  block n=101
INFO [07-14|14:45:26] Sealing                                  block n=102
INFO [07-14|14:45:27] Sealing                                  block n=103
INFO [07-14|14:45:28] Sealing                                  block n=104
INFO [07-14|14:45:30] Sealing                                  block n=105
INFO [07-14|14:45:32] Sealing                                  block n=106
INFO [07-14|14:45:34] Sealing                                  block n=107
INFO [07-14|14:45:35] Sealing                                  block n=108
INFO [07-14|14:45:37] Sealing                                  block n=109
INFO [07-14|14:45:38] Sealing                                  block n=110
INFO [07-14|14:45:40] Sealing                                  block n=111
INFO [07-14|14:45:41] Sealing                                  block n=112
INFO [07-14|14:45:43] Sealing                                  block n=113
INFO [07-14|14:45:45] Sealing                                  block n=114
INFO [07-14|14:45:47] Sealing                                  block n=115
INFO [07-14|14:45:47] Sealing                                  block n=116
INFO [07-14|14:45:50] Sealing                                  block n=117
INFO [07-14|14:45:51] Sealing                                  block n=118
INFO [07-14|14:45:53] Sealing                                  block n=119
INFO [07-14|14:45:57] Sealing                                  block n=121
INFO [07-14|14:45:58] Sealing                                  block n=121
INFO [07-14|14:45:59] Sealing                                  block n=122
INFO [07-14|14:45:59] Sealing                                  block n=123
INFO [07-14|14:46:00] Sealing                                  block n=124
INFO [07-14|14:46:03] Sealing                                  block n=125
INFO [07-14|14:46:04] Sealing                                  block n=126
INFO [07-14|14:46:06] Sealing                                  block n=127
INFO [07-14|14:46:07] Sealing                                  block n=128
INFO [07-14|14:46:10] Sealing                                  block n=129
INFO [07-14|14:46:12] Sealing                                  block n=130
INFO [07-14|14:46:13] Sealing                                  block n=131
INFO [07-14|14:46:14] Sealing                                  block n=132
INFO [07-14|14:46:16] Sealing                                  block n=133
INFO [07-14|14:46:17] Sealing                                  block n=134
INFO [07-14|14:46:19] Sealing                                  block n=135
INFO [07-14|14:46:20] Sealing                                  block n=136
INFO [07-14|14:46:22] Sealing                                  block n=137
INFO [07-14|14:46:24] Sealing                                  block n=138
INFO [07-14|14:46:26] Sealing                                  block n=139
INFO [07-14|14:46:26] Sealing                                  block n=140
INFO [07-14|14:46:29] Sealing                                  block n=141
INFO [07-14|14:46:30] Sealing                                  block n=142
INFO [07-14|14:46:32] Sealing                                  block n=143
INFO [07-14|14:46:32] Sealing                                  block n=144
INFO [07-14|14:46:35] Sealing                                  block n=145
INFO [07-14|14:46:37] Sealing                                  block n=146
INFO [07-14|14:46:38] Sealing                                  block n=147
INFO [07-14|14:46:39] Sealing                                  block n=148
INFO [07-14|14:46:42] Sealing                                  block n=149
INFO [07-14|14:46:43] Sealing                                  block n=150
INFO [07-14|14:46:45] Sealing                                  block n=151
INFO [07-14|14:46:46] Sealing                                  block n=152
INFO [07-14|14:46:48] Sealing                                  block n=153
INFO [07-14|14:46:50] Sealing                                  block n=154
INFO [07-14|14:46:52] Sealing                                  block n=155
INFO [07-14|14:46:55] Sealing                                  block n=157
INFO [07-14|14:46:56] Sealing                                  block n=157
INFO [07-14|14:46:57] Sealing                                  block n=158
INFO [07-14|14:46:58] Sealing                                  block n=159
INFO [07-14|14:46:59] Sealing                                  block n=160
INFO [07-14|14:47:01] Sealing                                  block n=161
INFO [07-14|14:47:03] Sealing                                  block n=162
INFO [07-14|14:47:04] Sealing                                  block n=163
INFO [07-14|14:47:05] Sealing                                  block n=164
INFO [07-14|14:47:08] Sealing                                  block n=165
INFO [07-14|14:47:09] Sealing                                  block n=166
INFO [07-14|14:47:11] Sealing                                  block n=167
INFO [07-14|14:47:12] Sealing                                  block n=168
INFO [07-14|14:47:14] Sealing                                  block n=169
INFO [07-14|14:47:16] Sealing                                  block n=170
INFO [07-14|14:47:18] Sealing                                  block n=171
INFO [07-14|14:47:18] Sealing                                  block n=172
INFO [07-14|14:47:21] Sealing                                  block n=173
INFO [07-14|14:47:23] Sealing                                  block n=174
INFO [07-14|14:47:24] Sealing                                  block n=175
INFO [07-14|14:47:25] Sealing                                  block n=176
INFO [07-14|14:47:28] Sealing                                  block n=177
INFO [07-14|14:47:30] Sealing                                  block n=178
INFO [07-14|14:47:32] Sealing                                  block n=179
INFO [07-14|14:47:33] Sealing                                  block n=180
INFO [07-14|14:47:35] Sealing                                  block n=181
INFO [07-14|14:47:36] Sealing                                  block n=182
INFO [07-14|14:47:38] Sealing                                  block n=183
INFO [07-14|14:47:39] Sealing                                  block n=184
INFO [07-14|14:47:41] Sealing                                  block n=185
INFO [07-14|14:47:43] Sealing                                  block n=186
INFO [07-14|14:47:45] Sealing                                  block n=187
INFO [07-14|14:47:45] Sealing                                  block n=188
INFO [07-14|14:47:48] Sealing                                  block n=189
INFO [07-14|14:47:49] Sealing                                  block n=190
